-0,519 -0,272 -0,301 -0,224 -0,347 Hand
0,272 -0,328 0,692 0,742 0,556 Index
-0,421 1,01 0,69 0,695 0,53 Thumb
-0,293 -0,2 0,756 0,703 0,545 Gun
-0,454 0,781 0,457 0,038 -0,285 Phone
0,919 0,851 -0,074 -0,052 -0,052 OK!
0,68 -0,242 0,773 0,82 0,732 Index
0,802 -0,093 0,747 0,677 -0,025 Koza
0,961 1,05 0,928 0,948 0,981 Fist
-0,07 0,969 0,885 0,901 0,809 Thumb
1,189 0,974 0,19 0,16 0,345 OK!
0,185 0,012 0,033 0,041 0,16 Hand
-0,067 0,818 0,791 0,772 -0,078 Phone
0,784 -0,129 0,771 0,746 0,477 Koza
0,665 -0,228 0,663 0,599 -0,246 Koza
0,269 0,036 0,882 0,831 0,889 Index
0,763 1,086 0,867 0,909 0,667 Fist
1,33 1,06 0,322 0,254 0,499 Fist
0 1,028 0,908 0,878 -0,017 Phone
0,471 0,169 1,063 0,973 0,933 -
0,018 -0,007 -0,028 -0,041 -0,086 Hand
1,265 0,056 0,98 0,93 1,027 Index
-0,272 0,822 0,802 0,79 0,714 Thumb
-0,327 -0,106 0,761 0,715 0,541 Gun
-0,327 0,713 0,628 0,598 -0,236 Phone
0,106 0,719 -0,038 -0,063 -0,178 OK!
0,823 -0,018 0,868 0,83 0,757 Index
-0,035 -0,106 0,731 0,694 -0,192 Phone
0,241 0,934 0,814 0,777 0,757 -
-0,292 0,847 0,78 0,74 0,67 Thumb
-0,124 0,583 -0,11 -0,112 -0,238 Phone
-0,201 -0,015 -0,091 -0,088 -0,216 Hand
-0,469 0,833 0,633 0,602 -0,351 Phone
0,646 -0,008 0,869 0,864 0,649 Index
0,257 -0,075 0,751 0,681 -0,086 Koza
-0,274 -0,078 0,754 0,683 0,854 Gun
0,381 0,935 0,801 0,789 0,589 Fist
-0,195 0,748 -0,031 -0,049 -0,159 Phone
0,204 0,805 0,7 0,618 -0,011 Phone
0,044 -0,037 0,773 0,79 0,746 -
0,252 0,095 0,14 0,116 0,361 -
1,161 -0,002 1,008 0,771 0,973 Index
-0,033 0,955 0,907 0,729 0,736 Thumb
0,136 -0,007 0,937 0,803 0,851 Index
-0,167 0,845 0,849 0,717 -0,03 Phone
0,882 0,634 -0,118 -0,11 -0,105 OK!
1,02 -0,109 0,866 0,771 0,831 Index
1,037 -0,106 0,787 0,454 -0,203 Koza
1,02 0,902 0,843 0,522 1,034 Fist
-0,317 0,901 0,892 0,792 0,939 Thumb
1,004 0,753 -0,1 -0,085 -0,088 OK!
0,365 0,083 0,1 0,083 0,534 Index
0,109 0,804 0,706 0,208 0,047 Phone
1,018 -0,113 0,768 0,671 0,78 Index
0,921 -0,103 0,706 0,476 -0,095 Koza
-0,116 -0,12 0,712 0,551 1,081 -
1,169 0,895 0,84 0,774 1,203 Fist
0,856 0,729 -0,065 -0,041 0,101 OK!
0,034 0,95 0,83 0,682 0,064 Phone
-0,023 -0,088 0,799 0,63 0,716 -
-0,12 -0,001 0,007 0,003 -0,12 Hand
0,614 -0,132 0,769 0,821 0,825 Index
-0,198 0,86 0,747 0,77 0,693 Thumb
-0,097 -0,124 0,774 0,742 0,716 Gun
-0,133 0,769 0,658 0,728 -0,148 Phone
0,961 0,74 -0,032 -0,007 0,042 OK!
1,127 -0,109 0,747 0,784 0,698 Index
1,023 -0,108 0,662 0,7 -0,007 Koza
0,959 0,854 0,715 0,792 0,91 Fist
-0,14 0,833 0,737 0,783 0,781 Thumb
0,958 0,599 -0,161 -0,115 -0,187 OK!
0,159 -0,009 -0,005 0,031 0,056 Hand
-0,198 0,84 0,672 0,482 -0,325 Phone
1,023 -0,174 0,672 0,636 0,637 Index
0,864 -0,213 0,596 0,58 -0,268 Koza
-0,12 -0,181 0,666 0,547 1,108 Index
1,159 0,868 0,715 0,631 1,113 Fist
0,555 0,495 -0,228 -0,203 -0,434 OK!
0,153 0,93 0,792 0,776 0,063 Phone
-0,016 -0,135 0,705 0,617 1,06 Index
-0,675 -0,017 -0,02 0,054 -0,105 Hand
0,744 -0,133 0,869 0,878 0,917 Index
-0,586 0,822 0,84 0,811 0,814 Thumb
-0,36 -0,066 0,924 0,987 0,836 Gun
0,192 0,785 0,726 0,764 0,061 Phone
-0,355 0,6 -0,105 -0,038 -0,155 -
0,433 -0,081 0,758 0,793 0,69 Index
0,271 -0,129 0,612 0,509 -0,155 Koza
0,532 0,97 0,839 0,872 0,89 Fist
0,901 1,003 0,994 1,011 0,999 Fist
-0,103 0,616 -0,004 0,035 -0,059 Phone
-0,025 -0,003 -0,016 0,004 -0,003 Hand
0,631 0,848 0,812 0,803 0,239 Fist
0,906 -0,103 0,725 0,855 0,805 Index
0,734 -0,114 0,586 0,593 -0,099 Koza
-0,133 -0,049 0,883 0,909 0,737 Gun
0,631 0,905 0,709 0,761 0,604 Fist
-0,3 0,496 -0,093 0,02 -0,129 -
0,429 0,9 0,76 0,732 0,121 -
-0,044 -0,029 0,843 0,915 0,773 Gun


-0,549 -0,121 -0,109 -0,077 -0,119 Hand
2,233 -0,168 1,008 0,916 1,333 Index
-0,895 1,126 1,086 0,95 0,972 Thumb
-0,068 -0,067 1,206 1,052 1,232 Gun
-0,771 0,873 0,829 0,73 -0,133 Phone
0,94 0,869 -0,078 -0,044 -0,117 OK!
2,383 -0,176 0,927 0,824 0,963 Index
3,045 -0,137 0,735 0,62 -0,128 -
0,955 1,022 0,875 0,859 0,963 Fist
-0,883 0,979 0,906 0,833 0,789 Thumb
1,256 0,595 -0,207 -0,187 -0,321 OK!
-0,346 -0,126 -0,116 -0,103 -0,028 Hand
-0,865 0,882 0,737 0,689 -0,317 Phone
2,564 -0,248 0,72 0,762 1,339 Index
-0,763 -0,186 1,026 0,937 0,702 Gun
0,962 0,978 0,784 0,789 0,826 Fist
1,925 0,738 -0,082 -0,043 -0,211 OK!
-1,421 0,662 0,409 0,559 -0,761 Phone
-0,82 -0,229 0,821 0,795 0,963 Gun
1,827 -0,157 0,787 0,597 -0,303 Koza
-0,255 -0,081 -0,124 -0,187 -0,155 Hand
0,74 -0,151 0,464 0,427 0,567 -
